1
16 80
1 0
1 0
1 0
1 0
1 0
1 0
1 0
1 0
1 0
1 0
1 0
1 0
1 0
1 0
1 0
1 1000

8 1
1 2 3 4 5 6 7 8

8 1
1 2 3 4 5 6 7 8

8 1
1 2 3 4 5 6 7 8

8 1
1 2 3 4 5 6 7 8

8 1
1 2 3 4 5 6 7 8

8 1
1 2 3 4 5 6 7 8

8 1
1 2 3 4 5 6 7 8

8 1
1 2 3 4 5 6 7 8

8 1
1 2 3 4 5 6 7 8

8 1
1 2 3 4 5 6 7 8

8 1
1 2 3 4 5 6 7 8

8 1
1 2 3 4 5 6 7 8

8 1
1 2 3 4 5 6 7 8

8 1
1 2 3 4 5 6 7 8

8 1
1 2 3 4 5 6 7 8

8 1
1 2 3 4 5 6 7 8

8 1
1 2 3 4 5 6 7 8

8 1
1 2 3 4 5 6 7 8

8 1
1 2 3 4 5 6 7 8

8 1
1 2 3 4 5 6 7 8

8 1
1 2 3 4 5 6 7 8

8 1
1 2 3 4 5 6 7 8

8 1
1 2 3 4 5 6 7 8

8 1
1 2 3 4 5 6 7 8

8 1
1 2 3 4 5 6 7 8

8 1
1 2 3 4 5 6 7 8

8 1
1 2 3 4 5 6 7 8

8 1
1 2 3 4 5 6 7 8

8 1
1 2 3 4 5 6 7 8

8 1
1 2 3 4 5 6 7 8

8 1
1 2 3 4 5 6 7 8

8 1
1 2 3 4 5 6 7 8

8 1
1 2 3 4 5 6 7 8

8 1
1 2 3 4 5 6 7 8

8 1
1 2 3 4 5 6 7 8

8 1
1 2 3 4 5 6 7 8

8 1
1 2 3 4 5 6 7 8

8 1
1 2 3 4 5 6 7 8

8 1
1 2 3 4 5 6 7 8

8 1
1 2 3 4 5 6 7 8

8 1
1 2 3 4 5 6 7 8

8 1
1 2 3 4 5 6 7 8

8 1
1 2 3 4 5 6 7 8

8 1
1 2 3 4 5 6 7 8

8 1
1 2 3 4 5 6 7 8

8 1
1 2 3 4 5 6 7 8

8 1
1 2 3 4 5 6 7 8

8 1
1 2 3 4 5 6 7 8

8 1
1 2 3 4 5 6 7 8

8 1
1 2 3 4 5 6 7 8

8 1
1 2 3 4 5 6 7 8

8 1
1 2 3 4 5 6 7 8

8 1
1 2 3 4 5 6 7 8

8 1
1 2 3 4 5 6 7 8

8 1
1 2 3 4 5 6 7 8

8 1
1 2 3 4 5 6 7 8

8 1
1 2 3 4 5 6 7 8

8 1
1 2 3 4 5 6 7 8

8 1
1 2 3 4 5 6 7 8

8 1
1 2 3 4 5 6 7 8

8 1
1 2 3 4 5 6 7 8

8 1
1 2 3 4 5 6 7 8

8 1
1 2 3 4 5 6 7 8

8 1
1 2 3 4 5 6 7 8

8 1
1 2 3 4 5 6 7 8

8 1
1 2 3 4 5 6 7 8

8 1
1 2 3 4 5 6 7 8

8 1
1 2 3 4 5 6 7 8

8 1
1 2 3 4 5 6 7 8

8 1
1 2 3 4 5 6 7 8

8 1
1 2 3 4 5 6 7 8

8 1
1 2 3 4 5 6 7 8

8 1
1 2 3 4 5 6 7 8

8 1
1 2 3 4 5 6 7 8

8 1
1 2 3 4 5 6 7 8

8 1
1 2 3 4 5 6 7 8

8 1
1 2 3 4 5 6 7 8

8 1
1 2 3 4 5 6 7 8

8 1
1 2 3 4 5 6 7 8

8 1
1 2 3 4 5 6 7 8
